taxi_id;indulas;idotartam;tavolsag;viteldij;borravalo;fizetes_modja
6065;2016-12-01T02:30;60;0.0;8.0;0.0;bankkártya
5243;2016-12-01T09:15;480;0.0;6.75;0.0;készpénz
5114;2016-12-01T09:30;420;0.0;6.0;2.0;bankkártya
2118;2016-12-01T20:45;780;0.0;11.75;0.0;bankkártya
4531;2016-12-01T21:15;540;0.0;7.25;0.0;készpénz
6535;2016-12-01T21:30;840;0.0;8.0;0.0;készpénz
710;2016-12-01T21:45;360;0.0;6.25;0.0;készpénz
2643;2016-12-01T23:45;180;0.0;4.25;0.0;készpénz
7939;2016-12-02T04:15;300;0.0;5.75;0.0;készpénz
2863;2016-12-02T07:45;360;0.0;6.75;1.0;bankkártya
5400;2016-12-02T09:30;780;0.0;9.25;0.0;készpénz
6197;2016-12-02T13:30;60;0.0;3.25;0.0;készpénz
4044;2016-12-02T13:45;960;0.0;11.0;0.0;készpénz
1026;2016-12-02T15:45;300;0.0;5.5;0.0;készpénz
3773;2016-12-02T16:00;420;0.0;6.0;0.0;készpénz
569;2016-12-02T17:00;180;0.0;4.5;2.0;bankkártya
6078;2016-12-02T17:00;540;0.0;7.0;2.0;bankkártya
3449;2016-12-02T17:15;60;0.0;3.25;0.0;készpénz
4611;2016-12-02T19:00;600;0.0;7.5;0.0;készpénz
6562;2016-12-02T20:00;240;0.0;5.25;0.0;készpénz
1901;2016-12-02T21:45;60;0.0;3.25;0.0;készpénz
1322;2016-12-02T23:15;600;0.0;8.0;2.0;bankkártya
5628;2016-12-03T00:30;420;0.0;6.75;0.0;készpénz
3163;2016-12-03T00:45;420;0.0;10.25;0.0;készpénz
5857;2016-12-03T02:00;540;0.0;8.0;0.0;készpénz
8709;2016-12-03T08:30;180;0.0;5.25;0.0;készpénz
8117;2016-12-03T14:45;420;0.0;6.5;1.0;bankkártya
1827;2016-12-03T15:45;360;0.0;6.25;0.0;készpénz
7011;2016-12-03T16:30;1260;0.0;13.75;0.0;készpénz
6898;2016-12-03T19:00;1980;0.0;16.5;0.0;készpénz
4770;2016-12-03T19:15;900;0.0;14.25;0.0;készpénz
3793;2016-12-03T20:00;1200;0.0;13.75;0.0;készpénz
2697;2016-12-03T21:45;180;0.0;4.0;0.0;készpénz
3360;2016-12-04T01:00;240;0.0;4.75;0.0;készpénz
5659;2016-12-04T02:00;120;0.0;4.75;0.0;készpénz
1523;2016-12-04T02:00;300;0.0;3.5;0.0;készpénz
686;2016-12-04T14:30;120;0.0;4.0;1.0;bankkártya
1098;2016-12-04T15:45;600;0.0;9.5;0.0;készpénz
3637;2016-12-04T19:15;300;0.0;5.5;0.0;készpénz
1319;2016-12-04T19:30;600;0.0;8.0;0.0;készpénz
7748;2016-12-04T20:15;180;0.0;5.5;1.0;bankkártya
5901;2016-12-05T06:45;660;0.0;13.75;3.4;bankkártya
1901;2016-12-05T09:00;240;0.0;4.75;0.0;készpénz
1030;2016-12-05T09:30;180;0.0;4.75;2.0;bankkártya
3721;2016-12-05T14:45;240;0.0;4.75;0.0;készpénz
8289;2016-12-05T21:00;780;0.0;12.25;0.0;ingyenes
2330;2016-12-06T09:00;360;0.0;5.5;0.0;készpénz
197;2016-12-06T10:30;840;0.0;9.0;0.0;készpénz
4702;2016-12-06T15:00;360;0.0;6.25;1.0;bankkártya
3267;2016-12-06T17:45;420;0.0;6.25;2.0;bankkártya
5796;2016-12-06T18:45;720;0.0;8.5;2.0;bankkártya
7596;2016-12-06T19:30;2520;0.0;50.25;12.45;bankkártya
772;2016-12-06T19:45;21;0.0;3.25;0.0;bankkártya
2901;2016-12-06T20:45;1200;0.0;27.5;8.25;bankkártya
4576;2016-12-07T00:45;240;0.0;5.75;3.0;bankkártya
3465;2016-12-07T09:45;1020;0.0;11.0;2.2;bankkártya
5475;2016-12-07T10:45;240;0.0;5.25;0.0;készpénz
4849;2016-12-07T12:00;60;0.0;3.25;0.0;készpénz
4927;2016-12-07T15:30;960;0.0;10.25;3.05;bankkártya
4702;2016-12-07T17:00;540;0.0;7.25;0.0;készpénz
2643;2016-12-07T17:30;3540;0.0;42.75;6.0;bankkártya
4111;2016-12-07T18:00;1140;0.0;11.0;3.3;bankkártya
8044;2016-12-07T18:00;60;0.0;55.25;0.0;készpénz
1928;2016-12-07T18:45;120;0.0;3.75;0.0;készpénz
3453;2016-12-07T19:45;60;0.0;3.25;0.0;készpénz
3684;2016-12-07T22:45;180;0.0;5.0;0.0;készpénz
29;2016-12-08T00:15;300;0.0;6.0;0.0;készpénz
6353;2016-12-08T08:15;720;0.0;9.0;0.0;készpénz
4111;2016-12-08T11:15;480;0.0;6.5;2.0;bankkártya
8709;2016-12-08T12:00;420;0.0;6.0;2.0;bankkártya
4954;2016-12-08T12:45;360;0.0;6.0;0.0;készpénz
6552;2016-12-08T13:00;1980;0.0;45.75;9.15;bankkártya
1750;2016-12-08T13:15;60;0.0;3.25;0.0;készpénz
3588;2016-12-08T13:30;300;0.0;5.75;2.0;bankkártya
7430;2016-12-08T14:30;7320;0.0;3.25;0.0;készpénz
4285;2016-12-08T14:45;480;0.0;6.5;1.0;bankkártya
2653;2016-12-08T15:00;20;0.0;3.25;0.0;készpénz
5426;2016-12-08T16:00;2640;0.0;42.75;9.35;bankkártya
4675;2016-12-08T18:30;180;0.0;4.0;0.0;készpénz
5029;2016-12-08T19:00;660;0.0;7.0;0.0;készpénz
2607;2016-12-08T21:15;660;0.0;8.0;0.0;készpénz
5054;2016-12-08T23:30;480;0.0;7.5;0.0;készpénz
2612;2016-12-09T08:30;360;0.0;5.75;0.0;készpénz
3514;2016-12-09T09:15;600;0.0;10.75;0.0;készpénz
4438;2016-12-09T11:00;540;0.0;7.75;0.0;készpénz
6458;2016-12-09T11:45;540;0.0;7.25;0.0;készpénz
760;2016-12-09T14:30;720;0.0;19.0;0.0;készpénz
3649;2016-12-09T14:30;1020;0.0;10.25;2.0;bankkártya
1901;2016-12-09T15:15;840;0.0;9.5;0.0;készpénz
7063;2016-12-09T16:00;420;0.0;6.5;0.0;készpénz
50;2016-12-09T16:15;300;0.0;5.5;3.0;bankkártya
5829;2016-12-09T16:45;360;0.0;5.25;0.0;készpénz
3433;2016-12-09T18:00;60;0.0;3.25;0.0;készpénz
4680;2016-12-09T18:15;480;0.0;6.25;0.0;készpénz
7517;2016-12-09T18:45;840;0.0;9.25;0.0;készpénz
279;2016-12-09T20:00;300;0.0;5.25;2.0;bankkártya
1563;2016-12-09T20:45;780;0.0;12.75;0.0;készpénz
710;2016-12-09T21:45;540;0.0;10.25;0.0;készpénz
7066;2016-12-09T23:30;900;0.0;14.25;0.0;készpénz
1322;2016-12-10T01:45;540;0.0;7.75;0.0;készpénz
7541;2016-12-10T11:30;300;0.0;5.5;0.0;készpénz
3612;2016-12-10T12:45;420;0.0;6.5;0.0;készpénz
4106;2016-12-10T16:45;660;0.0;7.5;2.0;bankkártya
1463;2016-12-10T18:15;300;0.0;5.25;0.0;készpénz
7415;2016-12-10T18:45;780;0.0;10.0;0.0;készpénz
3514;2016-12-10T20:45;240;0.0;4.75;0.0;készpénz
973;2016-12-10T23:00;60;0.0;3.5;0.0;készpénz
5812;2016-12-10T23:00;480;0.0;6.75;0.0;készpénz
2421;2016-12-11T00:15;60;0.0;3.75;0.0;készpénz
7528;2016-12-11T00:30;660;0.0;10.25;0.0;készpénz
625;2016-12-11T05:00;1500;0.0;45.25;13.55;bankkártya
5472;2016-12-11T17:45;360;0.0;6.75;1.0;bankkártya
7210;2016-12-12T14:45;540;0.0;7.5;2.0;bankkártya
376;2016-12-12T19:00;480;0.0;6.25;0.0;készpénz
686;2016-12-12T23:30;360;0.0;6.25;0.0;készpénz
6317;2016-12-13T10:45;300;0.0;5.0;0.0;készpénz
8648;2016-12-13T11:15;1020;0.0;11.0;1.0;bankkártya
505;2016-12-13T11:30;420;0.0;6.75;0.0;készpénz
2877;2016-12-13T12:00;600;0.0;8.0;0.0;készpénz
1152;2016-12-13T14:15;540;0.0;6.75;0.0;készpénz
7210;2016-12-13T14:30;720;0.0;8.0;0.0;készpénz
6407;2016-12-13T14:30;480;0.0;7.25;2.0;bankkártya
5367;2016-12-13T15:45;1080;0.0;14.75;0.0;készpénz
4107;2016-12-13T16:00;180;0.0;5.0;0.0;készpénz
2888;2016-12-13T17:15;1620;0.0;16.25;0.0;készpénz
4770;2016-12-13T17:45;600;0.0;11.25;0.0;készpénz
8546;2016-12-13T18:00;540;0.0;6.25;0.0;készpénz
5114;2016-12-13T18:15;5100;0.0;48.75;6.0;bankkártya
4359;2016-12-13T19:00;780;0.0;7.5;0.0;készpénz
3862;2016-12-13T19:00;420;0.0;6.25;0.0;készpénz
2175;2016-12-13T19:15;840;0.0;8.75;0.0;készpénz
4870;2016-12-13T20:15;120;0.0;3.75;0.0;készpénz
7355;2016-12-13T21:45;300;0.0;5.75;0.0;készpénz
1383;2016-12-14T03:00;180;0.0;4.75;0.0;készpénz
3040;2016-12-14T09:15;900;0.0;13.0;2.0;bankkártya
6317;2016-12-14T09:45;420;0.0;6.75;2.0;bankkártya
2041;2016-12-14T12:45;420;0.0;6.5;1.0;bankkártya
760;2016-12-14T13:45;60;0.0;4.0;0.0;készpénz
393;2016-12-14T15:15;600;0.0;7.25;0.0;készpénz
6749;2016-12-14T16:15;360;0.0;6.0;0.0;készpénz
7092;2016-12-14T17:15;780;0.0;9.0;2.0;bankkártya
7748;2016-12-14T18:00;1020;0.0;9.5;2.0;bankkártya
8661;2016-12-14T18:30;60;0.0;3.25;0.0;készpénz
8016;2016-12-14T18:30;1140;0.0;13.75;2.95;bankkártya
1243;2016-12-14T20:00;780;0.0;8.25;3.0;bankkártya
2918;2016-12-14T20:15;540;0.0;7.0;1.4;bankkártya
1347;2016-12-15T05:00;60;0.0;3.25;0.0;készpénz
7523;2016-12-15T08:45;1740;0.0;20.0;5.0;bankkártya
1262;2016-12-15T10:00;240;0.0;5.0;0.0;készpénz
4872;2016-12-15T12:30;540;0.0;7.5;0.0;készpénz
1751;2016-12-15T13:45;660;0.0;9.0;0.0;készpénz
8397;2016-12-15T14:00;335;0.0;5.0;0.0;készpénz
3891;2016-12-15T18:45;240;0.0;5.25;0.0;készpénz
2066;2016-12-15T20:30;240;0.0;6.0;1.0;bankkártya
5796;2016-12-15T21:00;300;0.0;5.75;2.0;bankkártya
1164;2016-12-15T22:15;360;0.0;6.75;2.0;bankkártya
5636;2016-12-16T00:30;660;0.0;8.0;1.0;bankkártya
5143;2016-12-16T01:30;300;0.0;7.0;2.0;bankkártya
7210;2016-12-16T08:00;360;0.0;5.75;0.0;készpénz
5400;2016-12-16T08:45;300;0.0;5.25;2.0;bankkártya
548;2016-12-16T09:30;360;0.0;6.0;0.0;készpénz
2448;2016-12-16T12:15;540;0.0;8.25;2.0;bankkártya
6744;2016-12-16T13:00;420;0.0;6.25;2.0;bankkártya
2663;2016-12-16T13:15;11;0.0;3.25;0.0;készpénz
8648;2016-12-16T14:45;2160;0.0;27.75;4.0;bankkártya
629;2016-12-16T15:45;1200;0.0;13.5;0.0;készpénz
6317;2016-12-16T17:00;840;0.0;8.75;0.0;készpénz
3238;2016-12-16T18:00;1140;0.0;9.75;0.0;készpénz
6830;2016-12-16T19:00;60;0.0;3.25;0.0;készpénz
3356;2016-12-16T22:00;660;0.0;14.25;0.0;készpénz
8232;2016-12-16T22:00;1140;0.0;14.0;0.0;készpénz
6;2016-12-16T23:30;840;0.0;20.5;5.35;bankkártya
4106;2016-12-17T09:00;420;0.0;8.25;0.0;készpénz
1383;2016-12-17T12:30;240;0.0;6.0;2.0;bankkártya
7810;2016-12-17T13:15;60;0.0;0.01;0.0;készpénz
1385;2016-12-17T15:30;1980;0.0;21.0;0.0;készpénz
7776;2016-12-17T16:00;780;0.0;8.5;3.0;bankkártya
3014;2016-12-17T16:45;420;0.0;5.75;4.0;bankkártya
3865;2016-12-17T16:45;360;0.0;6.5;2.0;bankkártya
6562;2016-12-17T16:45;360;0.0;5.75;0.0;készpénz
1587;2016-12-17T21:00;2220;0.0;44.5;5.0;bankkártya
7992;2016-12-17T22:15;3120;0.0;43.5;12.0;bankkártya
8117;2016-12-17T22:30;600;0.0;7.0;0.0;készpénz
6094;2016-12-17T23:15;480;0.0;6.25;0.0;készpénz
53;2016-12-18T01:15;300;0.0;5.5;0.0;készpénz
3209;2016-12-18T05:30;660;0.0;10.0;0.0;készpénz
1633;2016-12-18T11:00;660;0.0;9.5;0.0;készpénz
7523;2016-12-18T15:00;480;0.0;7.0;1.0;bankkártya
4680;2016-12-18T19:15;480;0.0;6.75;0.0;készpénz
3089;2016-12-19T02:30;240;0.0;6.25;2.0;bankkártya
1030;2016-12-19T09:15;480;0.0;6.75;1.0;bankkártya
3721;2016-12-19T14:15;720;0.0;9.5;0.0;készpénz
3773;2016-12-19T14:30;480;0.0;6.5;0.0;készpénz
6989;2016-12-19T14:45;300;0.0;5.25;0.0;készpénz
7257;2016-12-19T15:15;840;0.0;9.25;0.0;készpénz
6407;2016-12-19T15:15;180;0.0;4.75;0.0;készpénz
4653;2016-12-19T16:15;600;0.0;7.5;2.0;bankkártya
4254;2016-12-19T17:30;240;0.0;4.5;2.0;bankkártya
1736;2016-12-19T20:30;180;0.0;4.5;2.0;bankkártya
6902;2016-12-20T02:45;300;0.0;6.25;2.0;bankkártya
6016;2016-12-20T08:15;660;0.0;20.1;0.0;ismeretlen
788;2016-12-20T08:45;600;0.0;7.75;4.38;bankkártya
7375;2016-12-20T15:45;480;0.0;6.25;0.0;készpénz
1989;2016-12-20T16:45;300;0.0;5.75;0.0;készpénz
6923;2016-12-20T17:00;240;0.0;4.25;0.0;készpénz
5475;2016-12-20T18:00;300;0.0;5.5;0.0;készpénz
1261;2016-12-20T18:45;600;0.0;7.25;1.5;bankkártya
5114;2016-12-20T19:30;2040;0.0;32.25;8.05;bankkártya
1924;2016-12-20T19:30;540;0.0;7.5;0.0;készpénz
8014;2016-12-20T21:30;180;0.0;5.0;0.0;készpénz
602;2016-12-20T23:15;1080;0.0;15.75;1.0;bankkártya
1460;2016-12-21T13:45;900;0.0;9.25;0.0;készpénz
3017;2016-12-21T14:45;120;0.0;4.5;2.0;bankkártya
7923;2016-12-21T16:30;1620;0.0;21.5;0.0;készpénz
433;2016-12-21T17:15;1020;0.0;18.25;0.0;készpénz
6744;2016-12-21T18:00;1080;0.0;9.75;0.0;készpénz
3684;2016-12-21T19:15;480;0.0;7.0;0.0;készpénz
451;2016-12-21T21:00;420;0.0;6.75;2.0;bankkártya
4638;2016-12-21T23:00;600;0.0;8.75;3.0;bankkártya
5357;2016-12-22T01:30;660;0.0;10.5;1.0;bankkártya
8232;2016-12-22T13:00;840;0.0;14.25;0.0;készpénz
2121;2016-12-22T14:15;420;0.0;6.25;2.0;bankkártya
5729;2016-12-22T14:15;240;0.0;4.75;0.0;készpénz
8193;2016-12-22T14:45;780;0.0;8.0;2.0;bankkártya
8636;2016-12-22T17:30;480;0.0;6.5;0.0;készpénz
8022;2016-12-22T17:45;780;0.0;9.5;0.0;készpénz
1482;2016-12-22T17:45;300;0.0;5.5;0.0;készpénz
2457;2016-12-22T20:00;960;0.0;11.0;0.0;készpénz
4092;2016-12-22T23:30;240;0.0;5.25;2.0;bankkártya
8232;2016-12-23T00:30;540;0.0;12.25;0.0;készpénz
5406;2016-12-23T09:30;360;0.0;6.0;0.0;készpénz
3899;2016-12-23T10:00;1560;0.0;36.5;0.0;készpénz
6923;2016-12-23T11:30;420;0.0;7.5;2.0;bankkártya
6086;2016-12-23T13:30;1080;0.0;11.5;3.75;bankkártya
3594;2016-12-23T15:30;2400;0.0;23.5;0.0;készpénz
8648;2016-12-23T16:15;300;0.0;5.5;0.0;készpénz
6569;2016-12-23T16:45;300;0.0;5.5;0.0;készpénz
8016;2016-12-23T17:15;240;0.0;4.75;0.0;készpénz
7531;2016-12-24T01:15;360;0.0;6.5;0.0;készpénz
1460;2016-12-24T18:45;300;0.0;5.25;1.0;bankkártya
1691;2016-12-24T21:15;660;0.0;10.5;0.0;készpénz
6775;2016-12-26T01:15;420;0.0;8.0;0.0;készpénz
1811;2016-12-26T13:00;360;0.0;6.75;2.0;bankkártya
3514;2016-12-26T19:45;420;0.0;7.25;0.0;készpénz
2819;2016-12-26T22:15;240;0.0;5.5;0.0;készpénz
505;2016-12-26T22:15;600;0.0;9.25;2.0;bankkártya
6544;2016-12-27T16:15;1020;0.0;12.0;0.0;készpénz
1110;2016-12-27T18:00;360;0.0;5.5;0.0;készpénz
4325;2016-12-27T23:45;420;0.0;7.0;2.0;bankkártya
2240;2016-12-28T14:45;300;0.0;5.75;0.0;készpénz
7622;2016-12-28T15:45;900;0.0;12.75;0.0;készpénz
8636;2016-12-28T17:00;420;0.0;7.0;0.0;készpénz
2240;2016-12-28T17:30;540;0.0;7.0;0.0;készpénz
4325;2016-12-29T09:00;1020;0.0;24.75;2.0;bankkártya
5901;2016-12-29T10:45;660;0.0;7.75;0.0;készpénz
5243;2016-12-29T12:15;1380;0.0;26.5;0.0;készpénz
157;2016-12-29T17:30;240;0.0;5.0;1.0;bankkártya
5856;2016-12-29T18:45;300;0.0;5.25;0.0;készpénz
5130;2016-12-29T21:00;540;0.0;7.25;0.0;készpénz
4560;2016-12-30T00:15;180;0.0;5.0;0.0;ingyenes
1098;2016-12-30T12:45;660;0.0;14.5;2.0;bankkártya
3465;2016-12-30T12:45;240;0.0;5.0;0.0;készpénz
4877;2016-12-30T12:45;300;0.0;5.75;2.0;bankkártya
8563;2016-12-30T12:45;780;0.0;9.0;0.0;készpénz
4109;2016-12-30T14:15;540;0.0;8.5;2.0;bankkártya
7643;2016-12-30T17:00;240;0.0;5.0;0.0;készpénz
3043;2016-12-30T17:45;600;0.0;8.75;2.0;bankkártya
4675;2016-12-30T19:00;360;0.0;6.25;3.0;bankkártya
1261;2016-12-30T21:00;480;0.0;7.75;2.0;bankkártya
8031;2016-12-30T21:00;840;0.0;11.5;2.3;bankkártya
414;2016-12-30T21:15;120;0.0;4.25;2.0;bankkártya
6902;2016-12-30T22:30;180;0.0;4.25;0.0;készpénz
812;2016-12-30T23:15;540;0.0;7.5;2.0;bankkártya
3649;2016-12-31T00:30;420;0.0;7.0;0.0;készpénz
6513;2016-12-31T01:00;240;0.0;5.25;4.0;bankkártya
2388;2016-12-31T02:30;180;0.0;4.75;0.0;készpénz
684;2016-12-31T12:30;240;0.0;5.0;1.0;bankkártya
3799;2016-12-31T14:15;240;0.0;5.5;0.0;készpénz
547;2016-12-31T16:00;300;0.0;3.25;0.0;készpénz
8274;2016-12-31T16:15;720;0.0;9.75;2.15;bankkártya
2538;2016-12-31T17:15;540;0.0;6.75;0.0;készpénz
1164;2016-12-31T19:30;240;0.0;5.25;0.0;készpénz
4119;2016-12-31T19:45;1440;0.0;18.0;0.0;készpénz
3612;2016-12-31T21:30;1200;0.0;16.0;0.0;készpénz
4638;2016-12-31T22:45;2400;0.0;44.0;11.25;bankkártya
